train adda
dataloader for train, datapath: /projects/LAC/data/data_labo/train_256, with 6425 images
dataloader for train, datapath: /projects/LAC/data/new_real_data/train_256, with 535 images
dataloader for val, datapath: /projects/LAC/data/data_labo/val_256, with 772 images
dataloader for val, datapath: /projects/LAC/data/new_real_data/val_256, with 82 images
Found 152 source training batches and 18 source validation batches
Found 12 target training batches and 1 target validation batches
logging_path = 'logs/adda_img256_2'
Input shape: torch.Size([42, 64])
Shape after fc1: torch.Size([42, 64])
Output shape: torch.Size([42, 2])
tensor([[-2.3193e-03, -2.9160e-01,  3.7749e-02,  2.2581e-01, -2.2878e-01,
         -1.4719e-01, -6.2387e-02,  1.7938e-01,  2.2421e-02,  5.7323e-02,
          2.9583e-03,  7.3634e-02,  5.3753e-02, -5.5824e-02,  6.0173e-02,
          1.6729e-01,  1.7348e-02, -7.6379e-02],
        [ 6.5183e-02, -2.6106e-01, -9.9857e-02,  7.3779e-02, -2.4531e-01,
         -2.2657e-01, -1.0744e-01,  1.1830e-01,  1.0640e-01, -2.0245e-02,
          1.4570e-01,  1.6927e-01, -9.5233e-02, -4.8904e-02, -1.3987e-02,
          8.1449e-02,  7.2405e-02, -9.6481e-02],
        [-9.2430e-02, -1.4161e-01, -3.8948e-02,  1.5833e-01, -2.1576e-01,
         -8.2244e-02,  1.9811e-02,  9.1195e-02, -1.1216e-02,  1.7298e-02,
         -2.7415e-02,  5.2193e-02, -9.7579e-02,  1.4766e-02, -1.4295e-02,
          1.4554e-01, -5.0052e-02, -3.3600e-02],
        [-7.8171e-02, -2.0403e-01, -3.9815e-02,  2.1629e-01, -1.4387e-01,
         -8.3868e-02,  9.7250e-03,  9.1722e-02,  6.4818e-02, -5.3295e-02,
          2.9469e-02,  5.0214e-04, -1.7474e-01, -4.6599e-02, -5.3840e-02,
          6.6809e-02, -5.9612e-02,  2.5646e-02],
        [ 5.8294e-02, -2.7398e-01, -7.9398e-04,  1.2944e-01, -2.1981e-01,
         -1.9970e-01, -4.4913e-03,  1.7666e-01,  7.8059e-02,  3.3842e-02,
          1.0235e-01,  6.4525e-02,  9.0591e-02,  1.0126e-02,  1.2413e-01,
          1.3797e-01, -2.0379e-02, -1.1637e-01],
        [-6.7578e-02, -3.2433e-01, -9.0291e-02,  7.7826e-02, -2.9183e-01,
         -2.4030e-01, -2.5587e-02,  1.4087e-01,  4.6454e-02, -2.1219e-02,
          4.6663e-02,  6.3862e-02, -6.8031e-02,  1.0627e-03,  6.1943e-02,
          1.1657e-01, -9.4934e-02, -1.1891e-01],
        [ 8.1753e-02, -2.6440e-01, -3.9129e-02,  8.7554e-02, -2.1137e-01,
         -1.0927e-01,  5.9961e-02,  4.9004e-02,  2.7227e-02,  4.8552e-02,
          4.5771e-02,  3.7397e-02, -6.5241e-02, -9.4728e-02, -9.0027e-03,
          1.7076e-01,  9.9798e-02, -2.8082e-02],
        [ 8.2760e-02, -1.7296e-01, -1.1263e-01,  1.2565e-01, -3.2549e-01,
         -9.4113e-02, -9.6548e-02,  1.4297e-01, -9.1034e-02,  2.1217e-02,
          9.9123e-02,  8.1780e-02,  6.4819e-02, -4.4762e-02,  5.1257e-02,
          8.0638e-02,  4.7761e-02, -1.6064e-01],
        [ 1.1884e-01, -3.2353e-01, -1.6523e-01,  7.5555e-02, -2.6377e-01,
         -4.0432e-02, -7.6111e-02,  1.9839e-01,  6.4252e-02,  1.4432e-02,
          1.3880e-01,  9.5799e-02,  9.4799e-03, -6.3708e-02,  1.1522e-01,
          1.3114e-01,  3.5527e-02, -9.8014e-02],
        [ 2.2260e-02, -2.2200e-01, -7.6688e-02,  1.5306e-01, -2.4695e-01,
         -1.6055e-01, -8.2843e-02,  1.3650e-01,  5.5843e-02,  8.1442e-02,
          1.0158e-01,  1.2045e-02,  7.1976e-02, -7.6133e-02,  2.2271e-02,
          8.7976e-02, -2.4921e-02, -1.6396e-01],
        [-5.5631e-02, -2.9706e-01, -1.0481e-01,  1.0434e-01, -2.4690e-01,
         -9.0073e-02, -4.3368e-02,  1.7245e-01, -8.8012e-02, -3.1776e-02,
          7.6562e-02,  6.7073e-02, -5.1292e-02, -2.0834e-02,  1.7942e-01,
          5.8778e-02,  4.9618e-02, -8.2741e-02],
        [ 1.3518e-01, -2.5208e-01, -6.8351e-02,  1.2179e-01, -2.8198e-01,
         -1.5655e-01, -5.4882e-02,  1.0604e-01,  1.4881e-02, -1.7618e-02,
          1.6459e-01,  4.6944e-02, -2.5697e-02, -1.4386e-01, -3.1201e-03,
          7.9504e-02,  6.9974e-02, -1.1576e-01],
        [-2.1928e-02, -2.7146e-01,  1.3617e-02,  9.3822e-02, -2.6612e-01,
         -1.1476e-01,  1.8326e-02,  1.5185e-01, -6.0106e-02, -6.6384e-02,
          4.4841e-02, -4.6678e-02, -7.1480e-02, -4.7163e-02,  1.3391e-01,
          8.2125e-02, -3.7211e-02, -3.1345e-02],
        [ 1.6777e-02, -2.5793e-01, -5.6980e-03,  1.3450e-01, -2.6222e-01,
         -1.4105e-01,  1.1780e-02,  1.5394e-01, -4.4582e-02,  8.2345e-02,
          6.5236e-02, -2.8904e-02, -7.1151e-03, -8.9510e-02, -2.2072e-02,
          8.9974e-02, -5.5763e-03, -3.4804e-02],
        [ 8.1548e-02, -2.6626e-01,  1.0708e-02,  1.4395e-01, -2.5784e-01,
         -8.8717e-02,  9.7577e-03,  6.3207e-02, -5.8406e-02,  8.8129e-02,
          4.0863e-02, -3.4872e-02, -4.5467e-03, -5.6809e-02,  3.9434e-02,
          1.4176e-01,  5.9445e-02, -6.4820e-02],
        [-4.4558e-03, -2.0877e-01,  2.2923e-02,  4.2406e-02, -2.9544e-01,
         -1.3995e-01, -1.3991e-02,  1.4277e-01, -1.1091e-02, -2.2794e-02,
          4.4709e-02, -3.2946e-02, -4.1805e-02, -7.9400e-02, -1.1039e-01,
          2.1950e-01,  2.2238e-02, -1.3257e-01],
        [ 2.1059e-02, -2.4197e-01, -1.3267e-01,  9.7175e-02, -2.0577e-01,
         -8.4621e-02,  5.1642e-02,  1.8810e-01, -1.1891e-02,  1.1723e-02,
          5.3857e-02,  3.1901e-03, -4.9188e-02,  2.7080e-02,  1.2010e-01,
          8.7653e-02, -3.5700e-02, -3.3157e-02],
        [ 1.7079e-02, -2.1385e-01, -1.3935e-01,  1.0964e-01, -1.8984e-01,
         -8.3797e-02, -1.7615e-02,  1.8656e-01,  5.1955e-03,  9.1113e-02,
          8.0669e-02,  8.9139e-03,  6.9819e-03,  4.6081e-03,  9.8024e-02,
          9.8090e-02, -5.7757e-02, -1.3403e-01],
        [ 4.1848e-02, -2.1667e-01, -8.0645e-02,  6.6661e-02, -1.7355e-01,
         -1.1273e-01,  1.9063e-02,  1.5717e-01,  4.0011e-04,  6.3156e-02,
          8.5047e-02,  5.2203e-02, -6.1860e-02, -1.7950e-02,  6.9936e-02,
          9.4744e-02,  2.3827e-03, -1.1184e-01],
        [-5.9826e-02, -1.7659e-01, -1.0266e-01,  1.3731e-01, -2.5508e-01,
          4.4778e-02, -8.4397e-02,  1.8475e-01, -7.0692e-02,  3.5936e-03,
          1.0206e-01, -5.5065e-03,  4.0100e-03,  3.7968e-03,  1.1743e-01,
          1.3761e-01, -9.3199e-03, -1.6670e-01],
        [ 1.2270e-02, -3.2252e-01,  3.2561e-02,  1.3783e-01, -3.2397e-01,
         -1.5666e-01,  4.1645e-02,  6.0471e-02,  2.0078e-02, -6.0755e-02,
          7.9397e-02,  2.3338e-03, -1.4461e-01, -1.3455e-01,  2.4860e-02,
          1.3235e-01,  7.6173e-03, -6.9051e-02],
        [-4.7464e-03, -3.3337e-01,  5.2629e-02,  2.2292e-01, -1.7923e-01,
         -2.1202e-01,  1.5316e-01,  1.5303e-01, -3.8213e-02, -1.2503e-01,
          1.0658e-01, -7.0089e-02, -9.0976e-02, -1.4975e-01,  4.3995e-02,
          1.3433e-01, -1.0989e-01, -1.8024e-02],
        [-2.1048e-01, -3.4873e-01,  1.0695e-01,  2.3729e-01, -2.8252e-01,
         -2.8727e-01,  1.2046e-01,  1.6018e-01,  8.1438e-03, -6.7239e-02,
         -5.0972e-02,  9.3023e-03, -1.9962e-01, -8.3113e-02, -9.6969e-02,
          1.7061e-01, -1.8486e-01, -3.5716e-02],
        [-5.9870e-02, -2.9232e-01, -4.9350e-02,  1.6525e-01, -3.0996e-01,
         -1.4523e-01, -5.1985e-03,  1.7713e-01,  3.4462e-02, -2.1789e-02,
          1.8052e-02,  8.5969e-02,  6.7539e-02,  1.0378e-04, -3.9030e-02,
          1.9825e-01, -8.0499e-02, -4.8321e-02],
        [ 1.8729e-02, -3.2569e-01,  2.2743e-02,  1.3082e-01, -2.9786e-01,
         -1.3582e-01, -7.1609e-02,  9.2183e-02,  6.2092e-02,  2.3063e-03,
          1.7548e-01, -1.0233e-02, -1.2812e-01, -1.2443e-01, -2.9935e-02,
          6.5054e-02,  8.2376e-03, -4.2221e-02],
        [-4.6103e-02, -2.9884e-01,  4.4729e-03,  1.3498e-01, -3.1648e-01,
         -1.6571e-01, -3.4970e-02,  1.6925e-01, -1.8460e-02, -2.1503e-02,
          1.0344e-01,  7.7764e-02, -5.7726e-02, -6.0170e-02,  3.0556e-02,
          1.1772e-01, -7.6332e-03, -1.5781e-01],
        [ 6.8584e-02, -2.9251e-01, -2.7235e-02,  1.2373e-01, -2.0595e-01,
         -5.1960e-02,  1.3120e-02,  1.1572e-01, -2.2943e-02,  3.2567e-02,
          8.8433e-02, -6.7227e-02, -9.5723e-02,  7.9512e-04,  4.1808e-02,
          9.8890e-02,  5.2776e-02, -5.5891e-02],
        [-2.2045e-01, -3.1441e-01, -8.0099e-03,  1.6156e-01, -2.1030e-01,
         -1.0718e-01,  9.0974e-02,  7.9755e-02, -5.7710e-04,  3.7841e-03,
         -2.4732e-02,  9.3673e-02, -1.5598e-01, -4.4871e-02, -3.2293e-02,
          1.6185e-01, -1.2369e-01, -1.1443e-02],
        [ 3.5052e-02, -1.9634e-01, -1.3090e-01,  4.8800e-02, -1.5447e-01,
          4.7296e-03, -5.6228e-03,  1.2256e-01, -2.1815e-02,  1.9272e-01,
          2.0920e-02,  1.0724e-02, -1.3875e-02,  1.5574e-02, -1.2618e-03,
          1.1059e-01,  3.2901e-02, -1.2217e-02],
        [-2.5602e-02, -1.8874e-01, -4.0083e-02,  1.1935e-01, -2.3162e-01,
         -1.2473e-01,  2.9384e-02,  1.2614e-01, -4.2754e-02, -1.7746e-02,
          1.2419e-01,  2.8358e-02, -4.3351e-02,  7.9905e-04, -5.1532e-02,
          1.5678e-01,  2.3418e-02, -1.0060e-01],
        [-1.4253e-02, -3.3948e-01, -8.2454e-02,  7.5470e-02, -1.5107e-01,
         -1.4211e-01,  2.0687e-03,  3.2044e-02,  1.2130e-01,  1.6421e-02,
          2.4834e-02,  8.4521e-02, -2.2393e-01, -1.5424e-01,  1.0018e-02,
          1.4454e-01,  2.9618e-02, -5.4569e-02],
        [ 1.4410e-02, -2.2315e-01, -5.2993e-02,  1.1729e-01, -2.0536e-01,
         -1.0695e-01,  1.3361e-02,  1.5435e-01, -3.7145e-03,  6.9044e-02,
          4.0785e-02, -8.1792e-03, -3.0934e-02, -3.6778e-02,  8.5373e-02,
          1.1731e-01,  1.8051e-02, -9.4744e-02],
        [-1.3160e-02, -2.6850e-01, -7.4851e-02,  1.1268e-01, -2.0520e-01,
         -1.5767e-01, -3.0257e-02,  1.5586e-01,  6.9284e-02,  6.2557e-02,
          1.0221e-01, -2.4749e-02,  1.0605e-02, -1.1488e-02,  6.0608e-02,
          1.2125e-01, -4.4204e-02, -1.2390e-01],
        [-5.8324e-02, -3.1915e-01,  3.3453e-02,  2.2936e-02, -2.8950e-01,
         -3.2184e-01,  8.2581e-02,  1.0143e-01,  1.1488e-01,  5.5052e-02,
          1.1520e-02,  1.1112e-01, -4.6593e-02,  6.4257e-03,  2.2646e-02,
          2.3870e-01, -6.5170e-02, -9.6896e-02],
        [ 7.7903e-03, -2.8811e-01, -1.8759e-02,  9.3914e-02, -3.0069e-01,
         -1.8615e-01,  6.4795e-02,  1.0253e-01, -1.9943e-02, -9.3737e-03,
          1.0913e-01,  1.0763e-01, -6.3759e-02, -1.0221e-01, -4.1774e-02,
          1.3569e-01, -7.7734e-03, -1.0154e-01],
        [ 2.8641e-02, -2.6594e-01, -4.1184e-02,  4.3231e-02, -2.1943e-01,
         -8.7069e-02,  5.3649e-02,  8.7345e-02, -2.9786e-02,  3.2974e-02,
          9.7639e-02,  8.1577e-02, -1.6207e-01, -5.7689e-02,  1.8888e-02,
          1.4888e-01,  4.4211e-02, -5.9086e-02],
        [ 1.2244e-02, -1.6280e-01, -1.3423e-01,  1.0001e-01, -2.5955e-01,
         -9.3610e-02, -6.7881e-02,  1.3835e-01, -7.1119e-03,  1.1024e-01,
          5.5814e-02,  5.5625e-02,  5.9138e-02, -1.2576e-02,  6.3236e-02,
          1.1574e-01, -6.5552e-03, -1.6749e-01],
        [-4.2992e-02, -4.0696e-01, -1.0124e-01,  2.2671e-01, -3.2375e-01,
         -1.8033e-01, -5.9990e-02,  5.4770e-02,  1.5609e-02,  7.8581e-02,
          8.7442e-02,  1.2114e-01,  3.2762e-03, -1.1244e-01,  1.4834e-01,
          6.8617e-02, -8.9536e-02, -5.3096e-02],
        [ 8.6192e-02, -2.1643e-01, -6.5306e-02,  1.0605e-01, -3.4572e-01,
         -1.6776e-01, -8.6343e-02,  9.1244e-02,  7.6171e-03,  5.7602e-02,
          1.3282e-01,  3.0972e-02,  7.2774e-02, -4.9650e-02,  9.4192e-03,
          7.4388e-02,  6.8549e-02, -1.5687e-01],
        [ 2.7265e-02, -2.5624e-01, -4.2945e-02,  1.3252e-01, -2.3101e-01,
         -1.0830e-01, -1.8194e-02,  1.5599e-01, -4.3764e-02, -2.9286e-02,
          6.5353e-02,  3.7421e-03, -9.6251e-02, -9.4563e-02,  5.0630e-02,
          4.1967e-02,  1.8223e-02, -4.7676e-02],
        [-1.8687e-02, -3.2249e-01, -1.3022e-02,  1.8337e-01, -2.3687e-01,
         -1.2683e-01, -4.4740e-02,  8.5588e-02, -3.4098e-03, -3.1861e-02,
          9.0396e-02,  1.0002e-01, -1.3100e-01, -1.3907e-01, -1.8446e-02,
          8.4240e-02, -3.7740e-02, -2.8092e-02],
        [ 8.9299e-02, -1.4757e-01, -3.8535e-02,  1.1686e-01, -2.5133e-01,
         -1.1206e-01, -4.5107e-02,  1.0223e-01, -9.9015e-02,  2.9992e-02,
          5.1471e-02,  3.7522e-02,  1.1625e-02, -4.2374e-02, -6.4233e-02,
          6.6075e-02,  6.5945e-02, -9.5501e-03]], device='cuda:0',
       grad_fn=<AddmmBackward0>)
Input shape: torch.Size([42, 18])
